0 0.47 27 34
1 0.45 50 28
2 0.13 33 26
3 0.27 16 30
4 0.52 7 48
5 0.43 43 21
6 0.44 8 38
7 0.19 14 34
8 0.15 23 26
9 0.32 17 8
10 0.28 22 9
11 0.05 49 27
12 0.22 22 41
13 0.12 1 49
14 0.52 35 13
15 0.2 47 4
16 0.23 41 30
17 0.06 40 3
18 0.51 14 1
19 0.12 26 13
20 0.52 27 42
21 0.23 48 2
22 0.34 16 29
23 0.13 0 8
24 0.37 20 32
25 0.49 42 40
26 0.06 12 28
27 0.15 36 11
28 0.1 22 2
29 0.4 18 18
30 0.12 28 18
31 0.44 4 32
32 0.38 44 36
33 0.2 25 41
34 0.19 43 37
35 0.06 37 2
36 0.42 30 49
37 0.25 3 33
38 0.11 39 40
39 0.2 2 0
40 0.14 21 17
41 0.21 8 33
42 0.33 33 7
43 0.04 34 44
44 0.07 45 33
45 0.3 11 3
46 0.34 19 8
47 0.16 0 9
48 0.11 38 11
49 0.41 12 39
50 0.35 35 42
51 0.06 46 20
52 0.21 41 32
53 0.12 5 44
54 0.28 44 13
55 0.31 26 41
56 0.2 13 4
57 0.09 6 0
58 0.34 15 10
59 0.36 31 39
60 0.18 17 5
61 0.09 29 7
62 0.11 24 40
63 0.29 21 43
64 0.23 13 23
65 0.38 19 26
66 0.08 32 10
67 0.11 9 26
68 0.32 23 4
69 0.23 10 5